a280.tsp
ordenado,1,elitismo,15:
    0 34126.16206151227
    1 32264.576896770865
    2 31548.055180547315
    3 32570.890528508095
    4 32400.466297588253
    5 33528.958929846354
    6 33154.743892744074
    7 31474.846367049508
    8 33553.56188452035
    9 32801.576551769795
ordenado,2,elitismo,15:
    0 32646.68276269277
    1 31197.70201531223
    2 33289.71486219698
    3 32849.41041303903
    4 32980.689982180396
    5 31581.5445151836
    6 32089.695757472542
    7 32976.32365961684
    8 32479.673964765367
    9 32610.20941560175
alternativo,1,elitismo,15:
    0 31301.63810884172
    1 30320.942288576804
    2 30970.31441904506
    3 29402.58053922677
    4 29766.54851396168
    5 30768.68279102981
    6 30802.598902399983
    7 30997.570586926755
    8 30284.673089120046
    9 30944.056745980637
alternativo,2,elitistmo,15:
    0 30022.10030705404
    1 29674.79572196279
    2 30314.25155210482
    3 29170.457785122457
    4 29723.649009755874
    5 29283.346212464916
    6 30770.87904818534
    7 30455.20636800442
    8 30184.035308212053
    9 30988.306410510424
ordenado,1,naoelitismo,15:
    0 31304.256535985438
    1 31340.192674215818
    2 30182.990468524524
    3 31426.28339267103
    4 31044.11974157676
    5 31084.630308717016
    6 31401.04821776308
    7 30217.283713145207
    8 31149.551305992467
    9 31542.92661718902
ordenado,2,naoelitismo,15:
    0 31327.60636159139
    1 31039.06063472232
    2 30911.542392206866
    3 30843.965262369427
    4 31499.66116345391
    5 30933.357257398944
    6 30320.5512364763
    7 31077.20789596022
    8 31146.266239725624
    9 31426.844847830733
alternativo,1,naoelitismo,15:
    0 31083.28036868698
    1 30382.956554630608
    2 29895.475534988564
    3 30194.89835903782
    4 30170.616778030137
    5 30628.502431176443
    6 30952.717262152553
    7 30760.053344518452
    8 29680.777441179704
    9 30658.654694083318
alternativo,2,naoelitistmo,15:
    0 28871.66038652463
    1 29827.07851159557
    2 31024.151267191814
    3 29362.39179004101
    4 29758.78333132423
    5 29269.23045418133
    6 29670.31457285609
    7 30503.352200504985
    8 30438.18045922315
    9 30402.441355666422
berlin52.tsp
ordenado,1,elitismo,15:
    0 24316.49317154502
    1 28841.142125543673
    2 25639.092281020465
    3 27675.942513367758
    4 26399.776669563296
    5 26821.88867005947
    6 28756.42917056651
    7 25849.581225445854
    8 30752.329651100466
    9 30101.730809682937
ordenado,2,elitismo,15:
    0 31368.46009400638
    1 31089.13261587422
    2 26003.415009623284
    3 27996.658063980754
    4 27196.542829961487
    5 32388.062254757886
    6 26914.2395206815
    7 31405.185783842087
    8 30036.794899000593
    9 28799.328987529054
alternativo,1,elitismo,15:
    0 23527.17676714706
    1 24562.580396766956
    2 22702.965378812885
    3 23147.362877312
    4 25494.68951731553
    5 21568.948298305928
    6 23535.93100103688
    7 22153.292472699595
    8 24384.73475332697
    9 23563.77001831645
alternativo,2,elitistmo,15:
    0 22977.51971316038
    1 24746.01284833222
    2 22329.77178298698
    3 24271.75928489076
    4 22219.596687036184
    5 22733.241179368644
    6 23534.056661044582
    7 22016.94835156518
    8 22019.86483989878
    9 23996.738617834573
ordenado,1,naoelitismo,15:
    0 24970.027259718583
    1 24175.42037637884
    2 24621.101502996895
    3 24807.150716095144
    4 23805.14216902433
    5 23921.5652628792
    6 24824.26957829661
    7 24637.421832577624
    8 24215.899624907513
    9 24919.30115790847
ordenado,2,naoelitismo,15:
    0 24431.854069951038
    1 23231.454898807104
    2 25048.76061940294
    3 23061.999595196987
    4 24056.034172074385
    5 23596.56476460123
    6 25468.527616685722
    7 24509.78302041486
    8 25309.06761554
    9 24846.767666200532
alternativo,1,naoelitismo,15:
    0 23437.579749997403
    1 23378.942534293066
    2 23831.8791713134
    3 22406.47642341201
    4 22378.365180375633
    5 22720.042849724723
    6 21623.07091927484
    7 24034.14776060209
    8 22864.081529168223
    9 22929.135516521455
alternativo,2,naoelitistmo,15:
    0 24005.726840821862
    1 24613.9222962378
    2 21575.21520566164
    3 22409.197217268364
    4 24096.228542477384
    5 23688.33008787839
    6 23039.22152227015
    7 22664.916038692874
    8 23793.35295701161
    9 22552.499044628545
kroA100.tsp
ordenado,1,elitismo,15:
    0 173521.07824857067
    1 150054.544058891
    2 155597.3274988154
    3 160841.62442039416
    4 175231.9630168964
    5 156960.7128370677
    6 154870.96329885552
    7 164840.84615847212
    8 156678.99850708846
    9 169413.4342020062
ordenado,2,elitismo,15:
    0 161437.48889614173
    1 160748.538579621
    2 175201.96939294814
    3 162620.8277127205
    4 177776.890218421
    5 153056.75481199825
    6 171549.88177023752
    7 154258.69285178502
    8 157054.3255738612
    9 177953.20379211658
alternativo,1,elitismo,15:
    0 149806.0504517823
    1 130642.6133169203
    2 147258.42181834314
    3 136086.06559014705
    4 136808.7122566111
    5 132079.41882140882
    6 145431.1748917666
    7 133892.10479893186
    8 145782.3889354725
    9 140132.1449113987
alternativo,2,elitistmo,15:
    0 132260.44767061534
    1 141145.27561475948
    2 144372.95995550576
    3 134845.01226491036
    4 136058.8561817371
    5 143934.83891420756
    6 129836.70432569893
    7 141233.20255488544
    8 139909.44805337483
    9 124618.22832658484
ordenado,1,naoelitismo,15:
    0 147900.03935538922
    1 150009.69433085248
    2 142462.6935953091
    3 147337.2471400064
    4 140361.19382001716
    5 146336.43726109105
    6 142090.1516763651
    7 142425.72896376866
    8 146923.95428648923
    9 139493.63055878575
ordenado,2,naoelitismo,15:
    0 145142.34518891876
    1 145928.7555572951
    2 139413.02719207283
    3 146247.34319140966
    4 141364.8660528646
    5 145538.30160113107
    6 134997.8466362041
    7 142649.94742585617
    8 142489.41102164827
    9 137300.87535176272
alternativo,1,naoelitismo,15:
    0 132452.58881255673
    1 141739.1080321322
    2 138574.9033700458
    3 146908.7377573072
    4 137838.02485414126
    5 121642.02274415792
    6 137883.44746933604
    7 141104.5483103744
    8 134018.76294411227
    9 146902.22329607667
alternativo,2,naoelitistmo,15:
    0 137209.43702752475
    1 142163.0199100168
    2 142657.44194776643
    3 136942.57859885864
    4 147438.4940037554
    5 136879.28267277897
    6 134196.76892564705
    7 146619.87951207405
    8 143088.8330088107
    9 145823.90327378977
kroC100.tsp
ordenado,1,elitismo,15:
    0 162310.47559290225
    1 176167.34221936934
    2 163982.69052622208
    3 156035.14280973075
    4 167849.5165210007
    5 157846.7543142812
    6 153877.5386339043
    7 171652.4764211159
    8 158298.813331237
    9 163406.85566599728
ordenado,2,elitismo,15:
    0 160885.9429100477
    1 155853.77178075165
    2 161159.65150639796
    3 150708.38188193395
    4 150699.32812681043
    5 162375.3525066148
    6 157715.7428928758
    7 161403.4345756353
    8 168351.5625569896
    9 155227.06787268256
alternativo,1,elitismo,15:
    0 135006.94600885015
    1 140354.89277516693
    2 127427.3638696374
    3 143769.44331170994
    4 144470.19045079144
    5 134980.11744086668
    6 128038.95154254507
    7 141078.21483995512
    8 140336.60825523146
    9 137519.4574306238
alternativo,2,elitistmo,15:
    0 137185.2983366689
    1 136345.7867333294
    2 138867.54879436205
    3 137292.02346959157
    4 131393.49419557318
    5 137555.4870106838
    6 125063.29340980612
    7 139762.68402209092
    8 146085.27171962665
    9 134293.50460983854
ordenado,1,naoelitismo,15:
    0 137233.47340813064
    1 146415.69906094403
    2 141370.65684808692
    3 146802.51835122533
    4 143747.57524256237
    5 144738.5041522294
    6 144262.10008420225
    7 148389.9680800424
    8 144384.7904804225
    9 147839.87676252544
ordenado,2,naoelitismo,15:
    0 141509.77848347157
    1 135792.69582424546
    2 140592.37797872003
    3 145426.16531825648
    4 143560.5204443871
    5 147245.41645909304
    6 138195.32999354688
    7 141400.7290593842
    8 147946.7062322207
    9 133233.44728580985
alternativo,1,naoelitismo,15:
    0 143328.91717566393
    1 141948.13819678014
    2 131662.06786461113
    3 128586.79742713472
    4 124921.1124664757
    5 132803.186783973
    6 133617.5717728415
    7 137211.93533512508
    8 139890.08024183803
    9 129268.14945649325
alternativo,2,naoelitistmo,15:
    0 140229.0598737431
    1 138448.6490688288
    2 139940.1764999083
    3 126201.91903143434
    4 138050.7378325653
    5 141260.76035264815
    6 142301.36411925606
    7 142105.11921826773
    8 138088.94880569924
    9 133575.4128515631
kroD100.tsp
ordenado,1,elitismo,15:
    0 143766.55969758728
    1 162083.27883507762
    2 165231.70920940445
    3 146687.71443841918
    4 156886.65835887005
    5 161425.79499068702
    6 148613.0405408497
    7 152355.24268635866
    8 177866.92441296956
    9 168939.37000047832
ordenado,2,elitismo,15:
    0 153577.4802814207
    1 141014.83190487017
    2 154163.38622118675
    3 155654.6761855185
    4 156851.53311099112
    5 149595.09605719626
    6 150365.8827497433
    7 155335.99682804223
    8 145893.03488210423
    9 150292.12372991018
alternativo,1,elitismo,15:
    0 134887.49212153177
    1 135433.23345681562
    2 141655.0465863853
    3 137088.18954392528
    4 134247.5488653148
    5 128364.90063310432
    6 132893.60184862444
    7 123744.14173518468
    8 131500.3094749734
    9 134584.4256004271
alternativo,2,elitistmo,15:
    0 134091.4488078492
    1 132980.57266548567
    2 133855.5605607076
    3 134120.26009198642
    4 125500.90130801352
    5 130459.07716913772
    6 130518.54312238199
    7 135065.91529513546
    8 136064.99224313913
    9 133270.7870358242
ordenado,1,naoelitismo,15:
    0 136047.9769612159
    1 137176.16572824132
    2 139065.29817621692
    3 139638.18243898798
    4 139786.83603473558
    5 138584.76203581993
    6 136863.88413746888
    7 138254.40295507872
    8 138797.89213320942
    9 132642.73300582325
ordenado,2,naoelitismo,15:
    0 134545.55105843086
    1 134740.71535507572
    2 139483.59957150236
    3 143387.45053701426
    4 135312.5891716316
    5 139025.3668267585
    6 141798.98615022164
    7 139676.679120251
    8 138232.862154306
    9 138768.76756076212
alternativo,1,naoelitismo,15:
    0 137557.97453500045
    1 134130.14157000804
    2 127233.59405541046
    3 133499.07906513792
    4 127957.23674934157
    5 129784.21588057793
    6 132998.20781674812
    7 133430.5577557177
    8 136573.85386449858
    9 133527.64015483798
alternativo,2,naoelitistmo,15:
    0 130894.4537728717
    1 126827.49036902892
    2 131324.0242519412
    3 124147.13440196298
    4 128194.17554111528
    5 126961.02196607113
    6 125341.2092919319
    7 136905.35272998788
    8 136182.48045198421
    9 133029.18500538412
pr76.tsp
ordenado,1,elitismo,15:
    0 510334.2454304977
    1 530641.5386615362
    2 574595.3155135065
    3 546509.7759240614
    4 563622.0093099936
    5 552479.6186025883
    6 507670.4225705805
    7 508925.68605414644
    8 533791.0753300366
    9 606772.3105119539
ordenado,2,elitismo,15:
    0 527221.6033254404
    1 529909.842016557
    2 513670.6670295025
    3 588189.8445633567
    4 463289.4024447052
    5 579968.4085805245
    6 543869.2801365367
    7 612247.5006542954
    8 534248.8723987647
    9 549206.5021185089
alternativo,1,elitismo,15:
    0 448000.6333270868
    1 469359.07589786046
    2 482154.5729167116
    3 411946.49991284
    4 437816.1005062141
    5 467505.84511762974
    6 468525.4950454254
    7 477142.2561211871
    8 478262.8740711933
    9 491641.2210149229
alternativo,2,elitistmo,15:
    0 443296.3209951723
    1 496737.1158726363
    2 447616.72498456825
    3 465287.32262866746
    4 455289.1789235781
    5 454083.6111752395
    6 453530.58627041825
    7 469791.93852382386
    8 473681.7228361132
    9 482746.2189813685
ordenado,1,naoelitismo,15:
    0 487746.5094883504
    1 473039.29782734124
    2 486379.288012749
    3 501231.40311696864
    4 471258.1459093384
    5 454095.349139287
    6 487453.17527903366
    7 481590.04131208325
    8 494251.9202402177
    9 481050.63998920936
ordenado,2,naoelitismo,15:
    0 491656.7159904153
    1 487913.5406088032
    2 502954.53636345954
    3 465297.8479162796
    4 498545.6062586476
    5 474940.4950684209
    6 487697.4436172975
    7 483776.4891576091
    8 493730.5185471436
    9 502610.19779368414
alternativo,1,naoelitismo,15:
    0 458192.1286601903
    1 455626.83310178726
    2 444664.51616412983
    3 445635.13650691614
    4 475275.4389712712
    5 471226.21312860737
    6 482401.3873621475
    7 449139.8894159967
    8 440991.2100329681
    9 458332.1028120731
alternativo,2,naoelitistmo,15:
    0 476857.0344216174
    1 439125.37709305127
    2 475260.5770617853
    3 453793.7872494329
    4 480081.30840352876
    5 480666.9563717378
    6 432861.67743826774
    7 449198.3009974557
    8 489430.3603913534